0110000111010110
0110110000000010
0110000111010110
0010010010101101
0110110111101101
0110000111010110
0010000010001101
0110101101111010
0110111100011111
0111010011111111
0110000111010110
0010000010001101
0011101010000010
0100010011010001
0000101010101100
0111010111111111
0110010110110011
0111001110000111
0111010010011111
0010000010001101
0110001100100100
0111101000110110
0111100100101011
0010000010001101
0111011111100010
0111001110000111
0111101000110110
0111100100101011
0111001110000111
0111010011001111
0110101101111010
0110111100011111
1110000010001101
0110010001011100
0111101000110110
0110100110001000
0110000111010110
0110110000000010
0110000111010110
0010110010110110
0000101010101100
0110111100011111
0110001011001011
0111100100101011
0010000010001101
0111010011111111
0110000111010110
0110101101111010
0010000010001101
0010111001000100
0010111001000100
0010111001000100
